455.9582    363.9985    485.57312    443.46255
286.48535    235.90454    356.13104    314.15546
669.7137    600.03015    745.665    767.0376
279.897    649.41516    452.20035    692.78577
149.72163    182.82742    253.27116    271.11194
289.93817    450.96158    365.42468    491.10062
418.0227    301.32742    451.36438    389.39047
187.0379    120.22343    250.85162    205.15924
230.08302    100.185776    275.48196    185.50545
528.1028    479.407    543.5144    606.6723
327.12866    153.90514    342.50677    218.50386
