281.46677    778.3122    454.70645    873.94635
240.99115    1677.5037    359.16003    1774.8645
1178.637    1635.373    1300.6125    1772.3035
697.65436    1165.7173    851.6989    1288.3472
636.33435    183.82013    753.6085    308.49826
620.673    853.21234    720.7186    1020.5252
662.3733    653.73944    772.2716    807.53973
647.0383    1452.4064    776.6345    1568.0675
405.32294    562.7435    503.1286    712.427
233.52182    1026.0844    426.52792    1071.1068
1438.7682    1564.8445    1525.4838    1693.8347
343.61465    464.07318    509.3788    547.896
359.36987    313.5735    507.9627    394.5094
644.3347    474.8877    764.6195    603.2588
1624.3876    1781.4569    1729.1024    1856.2909
665.69507    368.09848    795.60925    464.27554
1553.3618    1615.632    1660.7361    1702.9193
1331.1952    1871.621    1503.8038    1901.0289
1613.3665    1681.2167    1707.7559    1765.0123
352.00507    1374.3129    413.78735    1498.8615
1482.7206    1626.999    1604.7045    1729.6809
