492.94376    664.6862    599.0686    720.6608
165.2178    915.5728    299.24066    1028.7233
132.29926    1201.3628    260.3479    1335.7542
267.2365    433.69672    364.1372    583.2873
740.76355    1236.5969    813.1456    1353.5833
267.08762    308.9745    361.8345    421.5404
473.79852    1004.9125    577.3411    1136.1217
511.22717    907.11774    687.1658    976.19476
207.94937    615.6751    315.81107    761.6409
839.35767    1150.2892    884.3606    1279.1971
485.32968    345.55542    577.94055    483.0636
449.26984    165.25284    541.41437    273.86615
420.46915    828.4747    505.27902    996.1236
285.3664    110.472694    373.9286    186.67694
881.61194    1311.4364    1021.82495    1360.7677
492.97723    258.64636    583.2681    366.9563
803.9183    1408.806    966.6003    1435.4464
505.93137    825.71106    684.99414    858.1289
356.84616    82.525024    402.09634    176.68982
