294.8941    610.70935    448.68127    717.5679
397.00287    236.9496    504.21533    351.32684
338.84158    73.990036    368.2031    223.74815
258.03378    388.23615    361.5992    519.6225
569.9437    517.60736    636.0925    683.44293
169.99622    183.49559    266.62585    295.62396
399.10782    363.764    429.83383    481.2523
220.31267    142.49976    276.14066    223.7066
269.67114    86.529854    311.34125    221.01208
294.8941    610.70935    448.68127    717.5679
397.00287    236.9496    504.21533    351.32684
338.84158    73.990036    368.2031    223.74815
258.03378    388.23615    361.5992    519.6225
569.9437    517.60736    636.0925    683.44293
169.99622    183.49559    266.62585    295.62396
399.10782    363.764    429.83383    481.2523
220.31267    142.49976    276.14066    223.7066
269.67114    86.529854    311.34125    221.01208
