856.8458    1713.9469    903.28625    1861.2872
1100.9788    1645.9037    1251.4915    1711.5939
1319.3442    1297.5009    1401.9941    1389.2177
1178.4861    1071.337    1269.6069    1183.6749
428.4085    251.07133    521.3255    337.67728
575.4555    399.5079    636.8575    513.43225
1041.9507    1509.0912    1184.7986    1564.7526
650.8514    1556.2117    686.8984    1706.9619
570.5127    175.70523    626.43176    299.81482
267.43076    1713.0952    392.37973    1779.3391
778.8565    407.40552    807.09467    561.26025
381.81085    1651.2009    512.0881    1718.7717
225.22302    1637.1917    310.49872    1696.522
1093.862    963.8048    1129.4756    1122.2543
895.9984    1359.5504    1052.5736    1382.3204
333.44305    1482.615    409.59094    1599.9604
1087.5646    920.3579    1129.4569    1015.20874
464.12708    1822.8285    603.95764    1847.3121
469.71072    1486.4503    497.54123    1619.0856
894.6651    603.90405    915.0153    699.97095
612.7537    234.5278    652.8046    343.87186
655.65204    1994.394    812.0361    2013.1497
