942.2795    1794.2097    1084.5214    1887.5234
221.00464    1000.38153    359.8512    1122.1124
171.55576    1563.5125    315.5007    1723.4758
1350.4252    2336.633    1439.3658    2456.4988
1370.2366    2043.0315    1485.8584    2165.7424
498.73624    1793.6631    620.88025    1931.4497
575.77905    686.3754    746.37866    748.66974
1206.7463    1525.1725    1333.207    1615.8802
1468.4663    2265.9912    1581.638    2359.6216
1243.7295    1323.2881    1333.1912    1426.4373
485.2751    982.5207    566.54205    1143.2838
574.9745    494.41016    726.1079    583.8528
1059.0538    2173.5098    1196.0663    2231.9556
1528.2854    1979.4204    1601.9878    2099.5962
1151.4249    1610.0127    1274.3954    1704.8093
301.6043    769.69324    391.3642    926.80054
321.2158    502.71222    429.72086    640.9382
503.1572    1640.6649    693.5074    1704.6537
901.0311    1425.8013    968.5946    1575.6443
1136.0032    1350.614    1217.0413    1465.3982
94.047356    1457.4387    287.456    1551.7236
526.36316    1397.8176    709.00793    1452.5913
328.504    259.55872    475.75644    349.58868
1575.2734    2162.9526    1652.1982    2239.2393
580.67773    332.05518    655.68933    485.5509
567.1845    1055.0424    751.0629    1083.9276
375.12494    402.94824    461.45142    511.9854
337.99588    330.5147    470.3638    418.26422
