260.8185    290.83414    374.90842    381.47318
452.24817    452.94586    607.5498    479.14838
242.76851    368.63162    359.60748    436.48422
317.12393    469.71432    399.20682    573.09406
445.7197    255.98381    559.3855    340.48962
392.2891    400.5688    434.16525    549.29895
406.86722    194.84322    436.7817    319.47064
354.35654    572.3783    396.1898    634.0331
260.8185    290.83414    374.90842    381.47318
452.24817    452.94586    607.5498    479.14838
242.76851    368.63162    359.60748    436.48422
317.12393    469.71432    399.20682    573.09406
445.7197    255.98381    559.3855    340.48962
392.2891    400.5688    434.16525    549.29895
406.86722    194.84322    436.7817    319.47064
354.35654    572.3783    396.1898    634.0331
