922.815    1178.038    1102.4133    1286.7225
610.0044    1064.6658    755.36865    1220.5706
919.13885    891.4868    1076.5629    1007.874
861.9642    591.25684    968.6495    744.0349
530.7408    354.4639    691.1591    449.9484
570.6828    1476.4204    739.2652    1587.748
783.7132    189.3775    881.076    335.15015
549.0832    1298.0868    742.63654    1395.953
524.1813    163.39749    661.9087    288.0743
833.57086    377.8454    959.7375    513.90515
571.83875    1986.8882    726.92017    2103.9373
592.97845    747.7514    748.35455    882.2188
736.2046    55.277122    808.67834    206.78455
587.71027    530.6795    724.5412    642.4388
650.4557    619.017    763.62036    766.9682
711.1497    869.26685    785.92926    1051.7465
923.8105    1734.175    1019.2343    1915.1248
595.545    56.681747    680.02325    165.80608
911.3037    1523.1307    1026.4114    1726.3468
719.091    2026.3739    772.20807    2172.5273
