716.2034    1524.2468    857.26227    1664.3218
483.5829    445.9802    624.01135    556.7502
633.8533    1303.3998    744.0917    1472.0004
244.14078    666.24646    372.5369    801.7909
1273.1708    1451.1458    1377.9852    1558.758
552.7988    856.5425    706.73254    967.44006
234.30888    505.71207    343.17966    661.7312
236.7398    1231.7806    401.55536    1279.6359
161.8436    431.14804    301.97754    528.8462
438.76447    221.72932    589.9194    318.07254
562.71136    942.5267    716.8901    1046.3093
158.64536    305.7293    306.06314    378.96692
1162.1996    1342.157    1181.9386    1495.0337
159.46304    225.79965    311.80917    302.37912
435.15585    112.79143    512.67584    216.23903
1437.8191    1248.5758    1496.8855    1313.4838
300.04578    1763.9072    486.9203    1804.0393
1378.0939    1434.8134    1500.8993    1472.6913
1347.6138    1215.7594    1406.2344    1322.5743
1179.9767    1699.9292    1350.2362    1720.6101
1320.6671    1242.8821    1380.8888    1365.5127
429.522    208.40872    490.26083    399.67313
416.79346    72.86087    471.27527    200.366
716.2034    1524.2468    857.26227    1664.3218
483.5829    445.9802    624.01135    556.7502
633.8533    1303.3998    744.0917    1472.0004
244.14078    666.24646    372.5369    801.7909
1273.1708    1451.1458    1377.9852    1558.758
552.7988    856.5425    706.73254    967.44006
234.30888    505.71207    343.17966    661.7312
236.7398    1231.7806    401.55536    1279.6359
161.8436    431.14804    301.97754    528.8462
438.76447    221.72932    589.9194    318.07254
562.71136    942.5267    716.8901    1046.3093
158.64536    305.7293    306.06314    378.96692
1162.1996    1342.157    1181.9386    1495.0337
159.46304    225.79965    311.80917    302.37912
435.15585    112.79143    512.67584    216.23903
1437.8191    1248.5758    1496.8855    1313.4838
300.04578    1763.9072    486.9203    1804.0393
1378.0939    1434.8134    1500.8993    1472.6913
1347.6138    1215.7594    1406.2344    1322.5743
1179.9767    1699.9292    1350.2362    1720.6101
1320.6671    1242.8821    1380.8888    1365.5127
429.522    208.40872    490.26083    399.67313
416.79346    72.86087    471.27527    200.366
