524.3236    560.9312    654.70215    641.5478
332.9065    476.7948    454.0301    565.75354
168.95448    891.3753    272.90338    956.6882
504.54315    706.676    647.44196    755.48083
354.45532    544.719    428.2868    674.76965
295.63828    869.18976    356.44864    953.52765
568.4288    325.27243    674.8576    431.33
596.3055    225.93874    701.6912    287.57635
582.4654    189.95584    670.6579    256.76932
401.01123    279.97235    497.80865    404.44305
446.22083    184.62982    518.7294    288.63678
500.94095    447.48334    544.3894    574.4855
495.81177    159.12968    551.173    259.05994
412.54422    232.16867    513.99384    329.38797
129.73302    960.8354    235.28938    983.11725
