320.67365    206.69115    452.5893    262.5013
104.95183    218.09381    226.57176    286.98526
329.59256    82.22821    420.53934    142.6444
219.09888    49.961735    279.33865    127.93013
312.1023    47.82799    383.00507    113.16507
101.83034    436.0209    161.92531    519.23627
268.37726    584.28796    396.2823    651.6876
329.50748    161.81638    449.25522    192.3013
170.40051    484.23764    249.86871    519.03253
123.912346    117.43334    252.27948    192.49057
29.019718    620.8876    128.67816    671.2776
158.51859    94.23079    262.25797    152.58475
304.84106    311.57092    441.74768    348.463
54.656727    641.83795    163.15794    691.05426
79.071754    367.12555    210.85718    430.4209
204.17508    132.20212    268.80408    220.39832
90.57611    320.22034    233.0647    356.49615
