75.5772    251.14644    148.30838    349.5834
62.876244    125.69921    138.02039    207.89478
207.3487    285.15924    275.34045    387.98102
333.42218    147.99252    391.06543    186.44711
130.96927    125.92058    179.47449    208.19362
278.2373    306.5912    356.3484    421.99054
272.16354    183.22406    342.35983    218.39755
303.67603    76.20749    340.52313    203.2926
146.99683    246.35301    171.00983    309.64844
213.87288    78.68599    259.31296    179.5703
311.49396    146.02208    357.63    211.72426
75.5772    251.14644    148.30838    349.5834
62.876244    125.69921    138.02039    207.89478
207.3487    285.15924    275.34045    387.98102
333.42218    147.99252    391.06543    186.44711
130.96927    125.92058    179.47449    208.19362
278.2373    306.5912    356.3484    421.99054
272.16354    183.22406    342.35983    218.39755
303.67603    76.20749    340.52313    203.2926
146.99683    246.35301    171.00983    309.64844
213.87288    78.68599    259.31296    179.5703
311.49396    146.02208    357.63    211.72426
