452.05325    20.836586    511.63748    139.83218
345.15527    268.57565    484.2204    335.28445
448.76715    229.84023    571.69965    303.38025
327.6045    56.080208    401.9262    170.71622
495.24164    197.82164    575.785    227.83849
176.65941    342.8599    280.41876    473.91617
204.17136    74.62662    292.60175    193.7528
62.611244    93.27191    150.10083    215.4237
294.33426    92.72969    365.10104    179.0963
355.10104    40.741474    406.84946    105.26286
452.05325    20.836586    511.63748    139.83218
345.15527    268.57565    484.2204    335.28445
448.76715    229.84023    571.69965    303.38025
327.6045    56.080208    401.9262    170.71622
495.24164    197.82164    575.785    227.83849
176.65941    342.8599    280.41876    473.91617
204.17136    74.62662    292.60175    193.7528
62.611244    93.27191    150.10083    215.4237
294.33426    92.72969    365.10104    179.0963
355.10104    40.741474    406.84946    105.26286
