128.17102    408.43216    203.1557    582.74664
607.1196    42.715416    662.3578    119.836845
529.0011    196.2089    669.6537    322.97275
343.9465    627.4732    501.48447    698.6591
476.63168    4.1102524    533.69275    136.25586
317.46915    123.158066    452.8232    220.59007
64.16043    718.4917    103.5208    850.0127
424.40402    369.92615    579.2854    466.56067
316.30292    221.9698    338.234    403.54822
14.198399    694.8494    62.66528    828.0417
196.37036    970.5907    336.43463    994.64453
279.89703    665.74176    385.886    748.0855
607.8558    164.40454    750.81793    201.17282
571.82544    314.06207    737.8135    342.31427
