465.0643    267.65125    535.4376    389.6327
1072.8713    944.70844    1164.7131    1060.495
323.415    131.14618    428.14883    213.1698
983.2881    784.22064    1031.4773    865.6796
993.0042    848.0325    1020.44086    987.86646
675.5996    274.55957    707.31995    441.40424
510.5849    109.30086    553.19135    214.3012
470.67715    53.532963    522.7601    167.07022
562.3588    201.53296    588.5618    315.73907
790.6958    474.07468    804.2001    575.3899
465.0643    267.65125    535.4376    389.6327
1072.8713    944.70844    1164.7131    1060.495
323.415    131.14618    428.14883    213.1698
983.2881    784.22064    1031.4773    865.6796
993.0042    848.0325    1020.44086    987.86646
675.5996    274.55957    707.31995    441.40424
510.5849    109.30086    553.19135    214.3012
470.67715    53.532963    522.7601    167.07022
562.3588    201.53296    588.5618    315.73907
790.6958    474.07468    804.2001    575.3899
