251.13092    93.4998    316.49628    153.43489
294.3375    127.391174    369.2372    173.35052
259.4102    199.20546    307.9639    251.21922
195.27946    50.89914    225.35976    137.18793
84.573074    64.5789    124.08441    121.03323
85.86436    269.68918    149.00659    352.98062
122.43931    137.73988    188.61642    173.9669
105.58413    79.1434    148.7312    142.2966
297.0587    241.04956    363.74704    259.99942
137.27594    150.43988    176.53137    245.33789
271.59808    179.86617    373.7865    203.50822
215.18391    56.408695    263.12036    147.86319
