56.236855    798.36414    219.5491    907.9011
206.81538    76.14201    270.52576    177.3945
199.55518    548.13513    247.21646    719.9928
104.86531    267.97787    207.82103    373.91293
341.3008    142.15266    460.84506    206.10103
367.5006    408.3062    528.02563    458.01367
86.01879    204.59659    226.29898    254.62671
439.7687    978.6858    591.7775    1046.4452
336.64868    102.60428    406.33527    177.03183
350.7221    265.14026    488.15704    320.85278
31.462616    1116.1934    219.44101    1201.0984
410.56427    1070.4427    581.4845    1128.1967
385.7556    767.39386    552.5236    822.15106
343.59335    529.9887    366.2109    706.7774
364.80038    635.0815    541.6878    652.55145
304.9435    444.9098    429.2955    490.71002
56.236855    798.36414    219.5491    907.9011
206.81538    76.14201    270.52576    177.3945
199.55518    548.13513    247.21646    719.9928
104.86531    267.97787    207.82103    373.91293
341.3008    142.15266    460.84506    206.10103
367.5006    408.3062    528.02563    458.01367
86.01879    204.59659    226.29898    254.62671
439.7687    978.6858    591.7775    1046.4452
336.64868    102.60428    406.33527    177.03183
350.7221    265.14026    488.15704    320.85278
31.462616    1116.1934    219.44101    1201.0984
410.56427    1070.4427    581.4845    1128.1967
385.7556    767.39386    552.5236    822.15106
343.59335    529.9887    366.2109    706.7774
364.80038    635.0815    541.6878    652.55145
304.9435    444.9098    429.2955    490.71002
