375.11182    573.1213    459.33673    636.3309
173.01686    615.0869    226.44817    673.97314
581.72516    234.10358    692.9145    268.01486
612.3084    51.1458    680.50006    124.06308
478.6156    64.974525    538.8413    180.18121
487.04187    405.14648    562.121    436.68
280.91876    833.3347    353.89862    872.8778
284.00687    458.21567    310.8654    512.75653
545.03015    279.96606    629.27954    321.07306
382.8178    231.63211    435.42224    346.6846
424.91138    531.886    495.8714    554.1974
74.51282    822.26886    115.34476    876.5889
342.7601    500.91748    395.1118    578.0465
340.44464    646.06    410.30054    688.47955
352.98746    363.8746    371.68546    430.92538
359.83633    711.1779    472.74094    735.16156
378.28485    311.70996    412.83038    388.86102
49.672295    1049.0281    108.5416    1174.0
239.27187    524.69653    258.58142    593.8091
13.605486    928.64496    42.223656    981.939
238.52066    743.3203    309.45175    795.03723
337.0944    808.32684    443.32468    823.70636
375.11182    573.1213    459.33673    636.3309
173.01686    615.0869    226.44817    673.97314
581.72516    234.10358    692.9145    268.01486
612.3084    51.1458    680.50006    124.06308
478.6156    64.974525    538.8413    180.18121
487.04187    405.14648    562.121    436.68
280.91876    833.3347    353.89862    872.8778
284.00687    458.21567    310.8654    512.75653
545.03015    279.96606    629.27954    321.07306
382.8178    231.63211    435.42224    346.6846
424.91138    531.886    495.8714    554.1974
74.51282    822.26886    115.34476    876.5889
342.7601    500.91748    395.1118    578.0465
340.44464    646.06    410.30054    688.47955
352.98746    363.8746    371.68546    430.92538
359.83633    711.1779    472.74094    735.16156
378.28485    311.70996    412.83038    388.86102
49.672295    1049.0281    108.5416    1174.0
239.27187    524.69653    258.58142    593.8091
13.605486    928.64496    42.223656    981.939
238.52066    743.3203    309.45175    795.03723
337.0944    808.32684    443.32468    823.70636
