670.92084    297.84125    768.6077    352.01746
666.77856    117.069534    736.0575    182.07088
503.887    433.27432    613.4147    496.44846
511.17484    122.625824    586.65393    198.50159
35.444477    853.1262    101.54347    953.2169
144.42451    691.4017    196.52513    812.2255
217.03671    995.0922    314.75876    1037.7412
312.2935    465.07245    384.4268    559.8665
206.65205    640.5109    249.35628    735.1899
381.74738    448.27737    410.3637    516.96643
547.6513    194.72488    570.1506    308.58847
432.35355    680.81775    554.9084    709.62744
345.47165    563.82697    377.68002    644.96576
118.919876    625.35864    224.46468    682.28235
307.015    599.56616    368.07996    667.22974
358.50873    814.54675    486.8263    827.54333
489.67847    364.95203    517.27716    409.8565
621.8865    378.62842    661.2184    409.11914
670.92084    297.84125    768.6077    352.01746
666.77856    117.069534    736.0575    182.07088
503.887    433.27432    613.4147    496.44846
511.17484    122.625824    586.65393    198.50159
35.444477    853.1262    101.54347    953.2169
144.42451    691.4017    196.52513    812.2255
217.03671    995.0922    314.75876    1037.7412
312.2935    465.07245    384.4268    559.8665
206.65205    640.5109    249.35628    735.1899
381.74738    448.27737    410.3637    516.96643
547.6513    194.72488    570.1506    308.58847
432.35355    680.81775    554.9084    709.62744
345.47165    563.82697    377.68002    644.96576
118.919876    625.35864    224.46468    682.28235
307.015    599.56616    368.07996    667.22974
358.50873    814.54675    486.8263    827.54333
489.67847    364.95203    517.27716    409.8565
621.8865    378.62842    661.2184    409.11914
