577.60034    793.4044    735.17346    886.59717
335.7874    961.9131    415.11078    1057.0082
234.144    737.46857    391.96515    795.5788
218.20795    34.14002    293.7815    124.557144
237.44434    295.94272    361.32123    366.80966
126.72716    182.9605    256.92334    233.2429
380.4815    554.6725    464.56073    681.8889
444.92877    130.45564    510.0954    268.9842
350.73776    2.8124008    408.2026    140.1438
519.7931    352.8729    575.7887    502.35544
150.63156    253.15207    283.62308    302.4941
403.24423    66.739136    452.61215    202.76349
504.0206    299.8809    576.35645    397.21878
291.47565    527.19434    397.51904    538.6621
577.60034    793.4044    735.17346    886.59717
335.7874    961.9131    415.11078    1057.0082
234.144    737.46857    391.96515    795.5788
218.20795    34.14002    293.7815    124.557144
237.44434    295.94272    361.32123    366.80966
126.72716    182.9605    256.92334    233.2429
380.4815    554.6725    464.56073    681.8889
444.92877    130.45564    510.0954    268.9842
350.73776    2.8124008    408.2026    140.1438
519.7931    352.8729    575.7887    502.35544
150.63156    253.15207    283.62308    302.4941
403.24423    66.739136    452.61215    202.76349
504.0206    299.8809    576.35645    397.21878
291.47565    527.19434    397.51904    538.6621
