59.168655    11.764    179.04161    101.64172
781.63525    69.714905    839.9807    175.61395
733.9068    42.812008    752.64667    134.32893
799.20667    224.8892    943.5499    252.01604
800.6826    119.50522    898.4762    168.28873
540.6408    0.0    685.1348    62.116913
646.71533    13.539055    664.02136    170.47696
159.8597    279.21082    292.15942    377.37885
59.168655    11.764    179.04161    101.64172
781.63525    69.714905    839.9807    175.61395
733.9068    42.812008    752.64667    134.32893
799.20667    224.8892    943.5499    252.01604
800.6826    119.50522    898.4762    168.28873
540.6408    0.0    685.1348    62.116913
646.71533    13.539055    664.02136    170.47696
159.8597    279.21082    292.15942    377.37885
