68.69031    414.46387    187.27707    508.0993
158.73439    27.090294    245.6805    87.41536
403.84375    139.17493    459.79047    194.99493
338.5342    227.09143    366.96616    299.45935
385.36673    619.23364    425.25015    659.58813
312.45877    789.8136    392.00534    926.54675
297.19034    870.2379    366.62143    946.81885
68.69031    414.46387    187.27707    508.0993
158.73439    27.090294    245.6805    87.41536
403.84375    139.17493    459.79047    194.99493
338.5342    227.09143    366.96616    299.45935
385.36673    619.23364    425.25015    659.58813
312.45877    789.8136    392.00534    926.54675
297.19034    870.2379    366.62143    946.81885
