149.02498    467.86847    287.24725    554.0383
462.90933    582.68744    620.57794    655.0871
441.16785    838.86884    556.4554    893.4993
576.75006    256.662    650.50555    380.65558
281.48578    202.64676    406.73364    293.2424
210.62132    271.72614    344.50293    363.27063
404.5389    91.958916    482.45956    203.39835
571.8067    108.59071    683.602    207.96812
206.69571    574.644    288.5447    692.2796
512.2385    402.78757    638.2831    513.88257
550.62494    14.080799    565.5474    122.0997
615.6993    86.953354    712.40594    161.78464
430.08005    401.67422    584.2079    480.65384
271.32483    605.97107    313.58905    776.9009
149.02498    467.86847    287.24725    554.0383
462.90933    582.68744    620.57794    655.0871
441.16785    838.86884    556.4554    893.4993
576.75006    256.662    650.50555    380.65558
281.48578    202.64676    406.73364    293.2424
210.62132    271.72614    344.50293    363.27063
404.5389    91.958916    482.45956    203.39835
571.8067    108.59071    683.602    207.96812
206.69571    574.644    288.5447    692.2796
512.2385    402.78757    638.2831    513.88257
550.62494    14.080799    565.5474    122.0997
615.6993    86.953354    712.40594    161.78464
430.08005    401.67422    584.2079    480.65384
271.32483    605.97107    313.58905    776.9009
