267.6892    405.16748    455.66064    508.672
742.67334    624.1826    835.9385    722.6715
501.28665    415.81818    593.7312    528.80066
77.09488    365.4834    151.26144    446.63544
304.64368    54.034546    412.86444    138.1288
263.17365    259.4723    419.9171    356.06427
694.59827    532.3961    787.69275    645.96387
498.5334    33.432926    607.8377    139.99965
451.3761    614.0813    563.2203    685.9391
166.12401    282.53122    189.70741    388.9971
405.33313    77.67882    458.393    241.72008
516.66943    106.07234    631.6603    204.12505
231.24167    526.8641    373.22482    592.44977
683.5043    484.1591    805.2694    572.7753
33.656517    405.8549    115.137886    519.0137
674.6782    341.19617    757.15796    487.4015
593.8336    227.95517    723.4302    412.72336
447.8381    574.6563    564.1669    642.74274
373.13925    285.09552    463.22244    425.42975
219.87811    561.08746    293.05078    619.06354
573.21814    181.69278    700.1046    296.7304
525.45325    183.46603    552.00146    371.22952
637.6435    430.19238    732.3211    545.29895
267.6892    405.16748    455.66064    508.672
742.67334    624.1826    835.9385    722.6715
501.28665    415.81818    593.7312    528.80066
77.09488    365.4834    151.26144    446.63544
304.64368    54.034546    412.86444    138.1288
263.17365    259.4723    419.9171    356.06427
694.59827    532.3961    787.69275    645.96387
498.5334    33.432926    607.8377    139.99965
451.3761    614.0813    563.2203    685.9391
166.12401    282.53122    189.70741    388.9971
405.33313    77.67882    458.393    241.72008
516.66943    106.07234    631.6603    204.12505
231.24167    526.8641    373.22482    592.44977
683.5043    484.1591    805.2694    572.7753
33.656517    405.8549    115.137886    519.0137
674.6782    341.19617    757.15796    487.4015
593.8336    227.95517    723.4302    412.72336
447.8381    574.6563    564.1669    642.74274
373.13925    285.09552    463.22244    425.42975
219.87811    561.08746    293.05078    619.06354
573.21814    181.69278    700.1046    296.7304
525.45325    183.46603    552.00146    371.22952
637.6435    430.19238    732.3211    545.29895
